100
3 1 22
4 2 21
3 1 30
4 1 21
4 2 38
3 2 27
4 1 28
3 1 44
4 1 33
4 1 40
4 1 23
4 2 35
4 2 31
3 2 22
3 1 21
4 2 40
3 2 30
4 2 42
4 1 29
3 2 39
4 2 23
4 1 45
4 1 31
4 2 44
3 1 45
4 2 34
4 1 30
4 1 29
3 2 31
4 2 39
4 1 23
3 1 31
3 2 42
4 1 22
4 1 42
3 2 36
4 1 39
3 2 41
3 2 28
3 2 34
4 2 28
3 2 25
3 2 42
3 2 34
4 2 37
4 1 44
4 1 33
4 1 32
3 1 25
4 2 31
4 1 37
4 2 23
4 2 24
4 2 44
3 1 39
3 2 45
3 2 30
4 2 33
3 1 39
3 1 30
4 1 38
3 2 22
3 1 37
4 1 42
4 1 43
3 2 34
4 2 33
4 2 33
3 2 44
4 1 37
4 1 22
3 1 26
4 1 23
3 1 27
4 1 35
3 2 38
4 1 35
3 1 23
3 2 32
4 1 33
3 1 41
3 1 42
3 2 27
4 1 42
4 1 34
3 1 32
3 2 39
3 1 33
3 2 45
3 1 40
4 1 26
4 1 25
3 1 36
3 2 37
3 1 28
4 1 34
3 2 22
4 2 23
4 2 29
4 1 40
